.8,8484,805.2,800.3,0.4
275635,805.2,800.5,0.4
275784,805.2,800.3,0.4
.3,0.5
275184,805.8,800.4,0.5
275335,805.2,800.2,0.4
275484,805.2,800.3,0.4
275635,805.2,800.5,0.4
275784,805.2,800.3,0.4
.3,0.5
275184,805.8,800.4,0.5
275335,805.2,800.2,0.4
275484,805.2,800.3,0.4
275635,805.2,800.5,0.4
275784,805.2,800.3,0.4
275934,805.9,800.4,0.5
276084,805.8,800.4,0.5
276234,805.9,800.4,0.5
276384,805.9,800.5,0.4
276534,805.9,800.3,0.5
276683,806.0,800.4,0.5
276834,805.9,800.4,0.5
276983,805.8,800.4,0.5
277134,805.8,800.4,0.5
277283,805.8,800.4,0.5
277433,805.2,800.3,0.4
277583,805.4,800.4,0.4
277733,805.9,800.4,0.5
277883,805.8,800.4,0.5
278033,805.9,800.4,0.5
278182,805.9,800.3,0.5
278333,805.8,800.3,0.5
278482,805.9,800.3,0.5
278633,805.9,800.5,0.4
278782,805.9,800.3,0.5
278932,805.8,800.4,0.4
279083,805.9,800.3,0.5
279232,805.9,800.4,0.5
279383,805.9,800.4,0.5
279532,805.9,800.4,0.5
279682,805.9,800.4,0.5
279832,805.9,800.4,0.5
279982,805.9,800.3,0.5
280132,805.8,800.4,0.4
280282,805.3,800.3,0.4
280431,805.3,800.4,0.4
280582,805.2,800.4,0.4
280731,805.3,800.3,0.4
280881,805.3,800.6,0.4
281031,805.4,800.4,0.4
281181,806.0,800.4,0.5
281331,805.9,800.4,0.5
281481,806.0,800.3,0.5
281631,806.0,800.5,0.5
281781,806.0,800.3,0.5
281889,108.0,800.3,-57.7
281999,106.4,800.3,-57.8
282148,805.9,800.3,0.5
282299,805.8,800.3,0.5
282405,79.8,800.5,-60.1
282471,79.3,81.8,-0.2
282578,77.3,800.3,-60.2
282685,75.6,800.3,-60.4
282792,77.8,800.3,-60.2
282857,74.1,79.2,-0.4
282921,74.6,78.2,-0.3
282987,74.9,79.1,-0.3
283053,76.9,92.2,-1.3
283118,91.5,77.9,1.1
283183,78.3,78.1,0.0
283248,80.1,80.1,-0.0
283313,80.5,80.3,0.0
283378,81.7,80.5,0.1
283444,93.4,80.8,1.0
283509,93.8,81.5,1.0
283576,94.7,82.4,1.0
283642,84.5,94.2,-0.8
283708,95.4,83.4,1.0
283774,97.8,83.5,1.2
283883,805.7,94.3,59.3
283950,96.6,84.2,1.0
284016,97.7,94.5,0.3
284083,99.3,96.8,0.2
284150,98.0,93.9,0.3
284217,99.5,95.4,0.3
284325,99.3,800.4,-58.4
284476,805.2,800.5,0.4
284584,805.3,102.1,58.6
284734,805.3,800.4,0.4
284884,805.2,800.4,0.4
285034,805.3,800.4,0.4
285184,805.2,800.5,0.4
285334,805.3,800.4,0.4
285484,805.2,800.4,0.4
285634,805.2,800.3,0.4
285784,805.3,800.3,0.4
285933,805.3,800.5,0.4
286084,805.3,800.4,0.4
286233,805.3,800.3,0.4
286383,805.3,800.4,0.4
286533,805.3,800.3,0.4
286683,805.2,800.3,0.4
286833,805.2,800.4,0.4
286983,805.8,800.4,0.4
287132,805.8,800.4,0.5
287283,805.9,800.3,0.5
287432,805.9,800.3,0.5
287583,805.8,800.4,0.5
287732,805.9,800.4,0.5
287882,805.8,800.5,0.4
288032,805.8,800.4,0.4
288182,805.9,800.3,0.5
288332,805.8,800.3,0.5
288482,805.8,800.5,0.4
288631,806.0,800.5,0.5
288782,805.9,800.4,0.5
288931,805.9,800.4,0.5
289082,805.7,800.4,0.4
289231,805.9,800.4,0.5
289381,805.9,800.4,0.5
289531,805.9,800.4,0.5
289681,805.8,800.3,0.5
289831,805.8,800.4,0.4
289981,805.9,800.4,0.5
290130,805.9,800.5,0.4
290281,805.9,800.4,0.5
290430,805.8,800.4,0.5
290581,805.4,800.4,0.4
290731,805.9,800.3,0.5
290881,805.9,800.5,0.5
291031,805.8,800.4,0.5
291180,805.9,800.3,0.5
291331,805.9,800.3,0.5
291480,805.7,800.4,0.4
291631,805.2,800.5,0.4
291739,805.9,99.7,58.8
291848,805.2,97.6,59.0
291956,805.2,96.9,59.0
292065,805.3,96.7,59.0
292173,805.8,96.3,59.1
292241,99.8,96.1,0.3
292307,99.8,96.3,0.3
292376,112.6,96.9,1.3
292444,114.0,96.3,1.5
292511,99.1,95.2,0.3
292578,97.0,94.6,0.2
292644,95.8,94.3,0.1
292711,95.1,93.5,0.1
292777,93.9,92.5,0.1
292844,91.9,91.6,0.0
292912,93.0,102.1,-0.8
292978,89.9,89.2,0.1
293086,88.1,800.4,-59.4
293193,87.4,800.3,-59.4
293260,86.8,99.0,-1.0
293326,86.4,99.5,-1.1
293394,100.2,100.3,-0.0
293543,805.2,800.4,0.4
293652,99.6,800.3,-58.4
293761,101.8,800.3,-58.2
293911,805.3,800.4,0.4
294061,805.3,800.4,0.4
294170,111.1,800.4,-57.4
294320,805.9,800.4,0.5
294470,805.7,800.3,0.5
294620,805.9,800.3,0.5
294769,805.9,800.5,0.4
294920,805.9,800.4,0.5
295069,805.2,800.4,0.4
295220,805.7,800.3,0.5
295369,805.8,800.4,0.5
295519,805.9,800.5,0.4
295669,805.9,800.4,0.5
295819,805.8,800.4,0.5
295969,805.7,800.3,0.4
296119,805.9,800.4,0.5
296268,805.8,800.5,0.4
296419,805.9,800.4,0.5
296568,806.0,800.3,0.5
296719,805.8,800.4,0.5
296868,805.9,800.4,0.5
297019,805.8,800.5,0.4
297168,805.9,800.3,0.5
297318,805.9,800.3,0.5
297468,805.4,800.3,0.4
297618,805.6,800.4,0.4
297767,805.9,800.4,0.5
297918,805.8,800.4,0.5
298067,805.9,800.4,0.5
298218,805.8,800.3,0.5
298368,805.4,800.4,0.4
298517,805.2,800.5,0.4
298668,805.2,800.4,0.4
298817,805.2,800.4,0.4
298968,805.7,800.4,0.4
299117,805.9,800.3,0.5
299267,805.9,800.5,0.4
299417,805.9,800.4,0.5
299567,805.9,800.4,0.5
299717,805.8,800.4,0.4
299867,805.9,800.5,0.5
300016,806.0,800.5,0.5
300167,805.9,800.4,0.5
300316,805.4,800.4,0.4
300467,805.2,800.5,0.4
300616,805.6,800.5,0.4
300766,805.9,800.5,0.4
300916,805.9,800.5,0.5
301066,805.9,800.4,0.5
301216,805.8,800.4,0.4
301366,805.8,800.4,0.5
301516,806.0,800.5,0.5
301666,805.9,800.4,0.5
301815,805.9,800.4,0.5
